%YAML:1.0
---
model_type: MEI
camera_name: camera
image_width: 1280
image_height: 960
mirror_parameters:
   xi: 1.3859496834068810e+00
distortion_parameters:
   k1: -3.7943263389210619e-01
   k2: 3.8159754193455769e-02
   p1: -1.0992491788122941e-04
   p2: -1.2791281868117412e-03
projection_parameters:
   gamma1: 9.3042916495795009e+02
   gamma2: 9.3082671028552124e+02
   u0: 6.3491048123824999e+02
   v0: 4.9814037605779220e+02
