%YAML:1.0
---
model_type: MEI
camera_name: camera
image_width: 1280
image_height: 960
mirror_parameters:
   xi: 1.4465101757715548e+00
distortion_parameters:
   k1: -3.6691808343242338e-01
   k2: 1.3741322098748206e-02
   p1: -1.3077885890937140e-04
   p2: -1.3755482647454212e-03
projection_parameters:
   gamma1: 9.5149352389898513e+02
   gamma2: 9.5176057338420276e+02
   u0: 6.3082932693079590e+02
   v0: 4.8329871404843800e+02
