%YAML:1.0
---
model_type: KANNALA_BRANDT
camera_name: camera
image_width: 752
image_height: 480
projection_parameters:
   k2: 3.0513759354984190e-03
   k3: 1.1409708513212635e-02
   k4: -1.8121949288297301e-02
   k5: 1.3691817678419097e-02
   mu: 4.6936827766611106e+02
   mv: 4.7009150604097141e+02
   u0: 3.5252227217336099e+02
   v0: 2.2951671522888216e+02
